$ANSIBLE_VAULT;1.1;AES256
31636463306161663861623464303161363539643633663734313865386335613330316238373739
3664363434643230363333306339306330656263313833330a653533643434336562613835343933
36666464323362613162386566643731393365333938306136366232333430356539623665643836
3261313839373766610a353361303237313966333933613165353337346237646435356465333835
65383533623762653739623865303235613863653863646631623139613461366537373933393235
63623561666463376362666531356164313064303765633865366362316439376363663866646363
66663635386661363838346265346265653638346532653138346363306539353061666134353961
65666132643062396661636430393733313638346532623537353330386263623532343539336565
38363562303837363763386130386362663139343137336638633265323961326239343963313763
39623230656534313935623466366137643166346463343664626630313862643038326162383933
34623832653837623638363131353265306362376337303832303066333064633765616665613766
39386138383339333466623833383239666236303665613336383231323662313132366531326132
3830
