$ANSIBLE_VAULT;1.1;AES256
62633562356630636230353131356563306138636334653630366163316263366432663430353936
3462316435376137363665376366663930373333613338340a346261303265626238363038653933
62343231646334343764306130633939313366646565343237613666656664663336666463346238
6639663432626261620a386237666438613933623763376633633939303639653135383039333462
35636336633466643461333137626563346430653963396537396166646365353437653939646565
34333136323936653361643935613830313062333131346662653436353266616537626233643732
35613834303866303633343763626664633863646261666238653135633932653431343662396533
64616534646561613636666436636539306531363332656439333038356661626462613161323537
33363865643331373537336633336233633366663962373165353437303637666530366366653664
38333837663637323464626132393931343631323964356533633365356462653062626136346161
32626166646561356464376335366565353032376463333333646234653831343839313530623832
61623339326662336461313763663536356138373432623466393236383431373864303135326433
33623535643664626236646436303435363834363366666436393132623864316365396430663666
36653965376630653264653066393666643436623431333935653261653434643461333730626638
63393138663036643336653437386438656263386564633166376134643562376139326635646432
33633133363633666363346135326534306538646161393361393137373633316431313139386538
30303662343963376239613762663132653134353335393337336335666539323538333039336163
33386363303832363965623634386539646164316261663831613636333930646333633565323039
30666363643364356362353339373130303734643030316230653934646137643564393235323431
36333363353765613936373066316133336162386232376566646238613739326436663062393833
33323034656666663934303066643862383738633430633335356437363439333631343738633363
65616634646131653163353035643766386565333562626632303431656162643463343662313838
37613332376433383638636162346163323733396237653961306230646530333635623566616430
62633264626638353866363065356338316639656261643336306138323131646263383232626162
38336539363962376362643732386434333364393761353939353038346662666236
