$ANSIBLE_VAULT;1.1;AES256
64653061626138663061313939303331333735303330336162643530303865343465376635333061
3738396437383263396239303637393261303030653965370a623561353364613462346664353734
31646133613339393339313937323033616133326138623638316530386536376539636663303739
3630376163663966640a653135636330313532636638353330343335393836333737663637623234
61663635366136373637626139613231363133393862623135323238623132643630386565636262
34373063303065613637626334633732643966363135393833333536313136366437656637396561
38626432653433313036376566613461653862376539656134633364306534623332643732643566
38303361616637363466363439323163656132316432323631336133623237323330653335383364
38383662643835326661383761653961376337303237306562366163383666323032386231643537
37613465316238333965383965393733653630373239613532373039633163626533373165333161
61613862306338343732326634316563633139316136636562383236643036653732306439623163
33343834316338633664343738666230313030623361623763616331306138646539376466303537
30616630626131386339356339346666656337383932326136303136393630356338643030646131
33343632633030353235336363383161393163343034343733306330646139346532343934366535
65656163376438353439303463356337303662316431306361336436366462363534653863653263
30663430373563373664303536653330386436356666663665663963336461313765636335346635
33373530343032666133666664346663366366643935396566356436656136326137333330666131
63346266353766633033303563613937346131323661616465643234636466613133623764376163
64393338363566663761336564613332646164623737653663623233613037373862323435333535
37323339666366383238643161636437646165623439303465616132363362623364316430356233
36383832363866626634373061633337656634623963366564336636623763303463653030386633
39316266373134303363366434656139343631353363653931316566383133646266396339333233
65363664376331313562376134346538323734346631616131363163613263633461653933346163
38613562306565306236613434303238386533666336386534303764616439653263323830653361
62383461386135353739363339383363343032633639316333316564666234663564306161353161
65383630636137396463643965666366623234333434653336323661356661663433393138663130
32626664626466363236623732303265313364346535613364313763343730626366323533623164
64626636653764363764393765663839386538386338633331323130383635616434376630663933
61353165343964356531393634303233653738373538393436646463636633656364616539356635
37393163653837313033323136636238383831623834336635306339323739393234653165626665
34393531363630386165646465303039343363323936633735376563363837313564643634346664
38616664613936373566373636383762356131353834663738353435613931653631376638363732
36313162613237303936383431656363383838666135343462653639346666613134633863666339
36383832323765343664363164363938656331633533653237643337376535633338356532633639
36353735356266306463353333373062643134303134363463386530386138303932656339663439
66623932336662316332363962346235616539373164616630623532626134343239386264336366
33326131313336653063633433613762356234616263376331316536316538623938616164363331
32343266643836653630393635336535643838383266663832353131383834366365316330613236
39303539396663373636653963333432343266363361633032316239333733633537396331616634
34393436393036386366333632663365393661313963306234343733306338633336346265396239
35363663346237323331643033666661383966623566343062616132356231316536
