$ANSIBLE_VAULT;1.1;AES256
37393039376331306566373232386166336466333035333335653239303637633638306232323031
3338343865316261313461653365363230343461333338390a316130313937333735366666616134
33643036366361386236653933356565353530353337656532633036663966636139313133343535
6234386462643865380a306330353766636566356136633437383232643862383533643535626132
66316234353330353666323738653434653465616533363265616261383031613430353838303564
33656534653236666532346130626534323033353332323136363264343232316163343632656566
65323334393764333930383936306666616664653831393234383635356135363133386230623636
32656336633039356338376261386335616337306462316530343834373862363037663634656138
32386433623837383936323933656263363231356562326666343034363034633466623934346163
34623638316536623537393832313932316366323366393135623664313262373733633362376230
34616632383336353764346166373133323835363437333037313562643363626437333535376431
39653161623331633263323163666634333934633838623064626137636165356362663638653963
61313865623630633138373933653231316361383830386663306334656437643363373233326536
66326536653939393430303462326239323462356265303734623264666265653061353639653137
64613833303838386564366663366439356665613138386332363065306534323365646364386335
63333733346639303762623833373033363137613065613661653532663535353333303162393232
33306163313366633332343561346261353233656666633337623630393030643965343834636336
64353130333666326532353136623166353262643237623037666138356663356432626161356138
37323833326136616163646632303166386236323361663134356464323362326465386136396530
35363735376531373834316231633430633831373338306638366133393734616631376636616632
38393361663562316363333633306663643432613366663237633433656634323663653565313731
38376564663335363931376163343436323336346662616163373133303234383061643338343738
37343362653562666332366130386438363833376437393636653465303562663266666265376530
35353635626137616662323635373934386164653435396161663063373839663231633931663033
35653164376162393363643833303066396338336534616130316237393765613930373466363133
65393464346433306231373932376563376431313937363437383233643965386639623136636130
34366365616237336231343934636532646666623134333436326665663737306563643338383031
64313834306561326435656239303361613636353630343134633763656331613732653331626464
39376332376563613235323633653362613566316534336566663433663930356632393337323166
33303830316563376639373131326433623134346136393836626261613462346432353235336466
61356231643433353130383861666665393237363863356161623936333139386137313336653736
62386634366630383562383638313665653561623737343832343931373438393832313738343939
66303238633632303566393530346639383732306539323039623265373037643834343030336632
30643332653334633661343731316164643066623565343861623532386465346435616337646435
37373338663132643634613136376463653065353233383637386131316337313964353934316466
34643130643834356437613032623666396636633736623235636566376635353938643932333266
63616162393561303763333239366637306165653935616331323237333934613131396630616361
30383032313038303761623935366637653061626564653561353236393063323530623337656239
61303032383131323839623438663762666461333836366165303033396131643562623266363435
38313466656630333235613964366666366534613564653439386665323533353261303766366165
65393732313564613661376636663262376165663131363764636431333534656237363330353837
36363063636135356232656465653463616530373563633132613738343937386465356538373761
38396262643962313866366134383962306237356635363362636666653634666435373633323665
32303264336364623334363837313137323563616563663864666266323463616430646333623730
32316530376564616133633332333138336361353735333063306333396234316361646362383034
33396664646637633966396532623662313432306535663537623032326535326661383534636230
31343266626438303265343237643939643338633732623663386134633964306332663364316338
33333666663666346562633064343633386437633031353337633764313363656633353037626130
32346561646233376465366631366137666233303936666363633761343430353934353038333438
66356633653530343434633365316464646133393762313333326664383732323161326163626239
64356232353062343865303866626134346564663630626163653634623161383230653737623433
36386532333039383438396431303632343666313536633364633135616337353230626662376531
63623137316265393262613466643964306362343037653739323561396436386564656430396162
30383534663331353964366266653938326462636237626464326537383233326331333562306630
61653631313931613563626263613662663965346363353964313262373233343238393834383163
63656464666138616134326465626535336166643066313864646230346137376331363138643636
36616632666232643436376632363666643437343766353230303063363235323837383837633962
31383634333632393438363939633438393937363564313733646633383339643633316166306130
31393533346564363637636463383435633162313965303232656435356638313034363339323435
36326666386636643533393434326333323661613362393336646630666365386636636530313033
33633338396162323061376665346331343634393037333139323663616235653763333434343465
61333165346361666666663666383565633231323763666132393733636262313235623066663665
39643338316537643634306133653136393161313833393861373866663963313035343564313461
31313732353865383131643538343732643839346263396332313063653135636438373237346538
30333836663665653766396364373165623737383932616661636463383061643064363432303863
64343833616561363661656535316233383937633433373932356334306261353036633933316637
30653063383266383364303633373464313130373964386337383466643536626464626564623464
62326535636166623738656639336232653736613564373161313463346534653033666233616533
64663564373862383738373365393430663861363733353266336133356162323166353366333464
34376137383661363164616563396639646166396535613431613032343766313764663166636139
38383836303862663230323236333939623366386366616261383365326633396532623935666235
62343336373732643230326539376365346436316438363066623366313934663262363631626661
65383335323661306231326138656433306362666239393031343862316335336466633135636562
64323166633564396139376236303561373638323261323931353533326135666335626464623962
65343665313862396137336537656634633835383338666534623664306562353336663561393239
31376533316434363761663931363566313866636532396266613731336435643737633934323239
32353162316631393334353964613262643565373966303966396266623961323064613633333961
34633934386164396433316238303630383161643333343361333731613964393264373630653330
33373733353233303462623333333734613934373830636664316538653233626562393134316635
65636430623661363131386666653235333266373134333963663365363930333362616439313162
61356630346261666637346435616261356661306661613630303231306630313931323434323836
32623361653062636139333139373962363333313162663236633735646338643638336565653062
63363364633438376632393862646134613666353133383831666432326635383438386562623232
37353238363633613262663936623037633337613961663330363430313831633665326132636564
30303732666162313232366434366237666635313763343135643533383764623638613030353734
37636463376561656366653838303335643966663431346132376131366236626138383232656434
35383262623262396134393738633136366366313165326534616630613039633634366630623431
64346135333165653834643738386132333931613666303937613732663935643763383337616261
33646464613162336166636337663461626136643266653635336465326630386661636633386131
39383539306432653233626466613734656162373638646436376434373263653532383563306462
39303134303034343363343030323134343936653430383238366532393036663363393232616562
62663963656139353736386139303935666230643063643363336437363065386362613231306438
62393065363332316565373536646465633135316438646238336636626262386661323066356333
34333664643836326163316630386539653930646161626430326162396666366239393139393332
33373535616164336632313230343966663538383830326635326537336337636535663438646562
63343833353531373635663664393966373432363330343839666562303763333231323362373431
39323633666534626538666233653230363762373933666534356664303239623431363233613163
38383033363563653136363139646363353264353864643939626661303238343337633130613261
62323437313630356438663037663132306234376433613138393431346532646333383432373264
66376164613730383163636434613661633034343039343633353437353937366632626132306439
39353632643163613436636265383133323763633638613562373565303636323463366633376435
38663662393964643631656464633861353632343563383134366536663063623137646133336638
33633230623133346436323162663862366166663530303332366562366166643065653031333637
30343338353635323532336461313063326138633736383363336533366137636366376165616261
66306635636533616666306161646434323036653431343530353930323366656531653732326635
30636361383562326630613830656130333538303332653366343031333366313636333331333463
37633138383461323233376132373361656534616132343939646566333133623432306233623162
32333537656564323639633262333537353261663164346234303237383834313439333238663662
65303562336465323866376438366666353032653735616164333934623361383165653731313163
38343562363331663164343736633537643762656537636336343335643739663366623566633738
31303531386462626361326638383665616236656466643838386233653062646136616565386237
35313334336234633930656461633231343335656136636338313537663565313038613730313638
33656437393865363638656266653865653962353863336661316466333738383638633864323662
34316261333630363036336561336532636162333133663430623939356362333463306339366230
37633337656164616537313362386164303439386439313635353137663139316262373764623666
37353232333534333637336235366634333632383265363635373863366234353962653237393135
33643065666261363230343733666234353234306263633537336135633462393433323835653339
62353330643033323366643936323630626364306132383163646462306366623831643461326437
33643232303366663230363764643232366639616531616431623561376635366630623335643861
65393938303465616262613437633866363263323962323132313639666432663865623466316165
33376563376431653338653261613637393636363162383130646562663834366133633632366138
65326364333562353436313036653938343431643136363039623462643161633339636138323763
38343966623738656665396262383265333665393766666663666266353966656639663563323236
36613763386533353739646562326231373135663061326333343337386561346565653361313439
63623636363035306663346366353366613738363331393932616236373535363035396563353261
65303137633531313762636466376663383563376466396166333531353539656539376138323335
31656334653361653965383933383332393564303833656137383035383536643064363163386561
66373461326132393739616136326334653161616631613139333632353430643536663936623435
38616163363566316336666435656264626437353664393033383032663631636430316262356634
64383266356163653535313831306166373130356132376331393635336661326665313236303562
35316633386131653331306465313163663939343632383038663966326364316165316331633064
31343131376561306433346463393932643432346635353932316334366337353334623062393834
35346430336562666164656435353832656335393033303031396231373735373864356633393734
33633734373065393161643935636162386161383564613866396635376332363565336530636462
35633964663064326334323437623939356234643563623231333337313265363661363639363133
33346533613566633639633136316636363638666662613838366235376130666437613133313434
62336330393833666566396333636237616564346366306462393634336534313466356439386261
31393436343834623532353062633166623663376131636564313061613738313731383936363462
64623730303436323937656433613936353264396239363533366133613936326464636266376236
36653061336338616236643638613432323637303239613964616562313661323661636131643966
30343061303733633932393931386332316363623366653239653666353136366632386439336664
62626334376539616133326433653561346631613339396464613435643530623061653535373563
66353535313436366338616261663432643837303133653264613163616335316533643333653433
36383233393838373639393435346664623231646661333939613437353835303865626239363866
62613262353737626635333766363334616533623564386530306264386137373965616632383431
31636536356632656331313835316564343732613636663634373766346266326330343533633030
39383763653832623536633334653165366463303630666638663538346330346230666133626635
37346338373765633137346339376534386638376464313462356132373932373334396566643766
33356633626630366266363933393866383237636332653130663066303433363331313536616531
38373963663833343662356363653761666339326334393136633430316164333462313961346237
39623438383562653861306432646266646663616462626238303239373637633733623230346332
66623835393033666131326131383832623532353637353734363932633634393439336236316436
36613065343565326464373062386635356462353330613736336634656666333639326561333534
33326632386565346562333266666336623839663037626134333639383934373334393236626165
36336466353138653731303736343066616661343039613037323035336332373136666462306239
33313132346366336533373339316130653335643138303264303236373562376561663363653066
33383432336634333434373731633531633464316636326666623635373535626463316631313338
36323135313437653562353234363231383332666232653837313664386466623563363865336138
38653336633232393832356261333665666137393738396133656162373261366139313363376633
64323035646562633732616230323530343934386262323066633565376538396163396633306531
61316637633839323065356534383864333864386138616664373036623036343635313432303532
36306566326439643064356639306466643839356664343162353930623138363334616562333537
35613663653031393639306236656237613537396538373065323166373836323139373530343863
38396134303231316566666462633530326131353461356665393638366230303136363331643861
35643863626166386130636166666538643830636361613865373533663432663732366561633037
3132333035396666396235383162626234646464376162333234
