$ANSIBLE_VAULT;1.1;AES256
38366332613737663262633139313164353431373731353130353236646336636232623036333436
3339363030353034613962633562393438656530373735310a313265323633303165333736333039
63356562333538383234613230336534396331386137333033306437653362666434333436653434
6635623764383836360a363066633630366430383334613163303135633037653435303136613831
61633264363762646535396233363436343531363932306330666663646630646164323030616338
62636230393433653064626665643062356165656338333631626135623063396361343831343561
39363039393562346361393737613834343133613563376234386431336636323736376239343034
66396638636561663664653739663636346465313762653535643139336466643335363731306266
30383462333933623863613934393939303237356432306338383864363737376566373634326266
35313536373435396439303032306161633062366330646234376531393064613163366337313065
37646637663536366135373165613933323031303666376633376331663463343332313235316662
33343432356633646433393536313732333931666631393665643331616164633961386538636634
66626561666265633938373234303762646165666434613337373630613562623963363963396639
30393732303133613133353366626338393039363337363863336663343131656361633166363865
32343639643464636138316430643933313838373936643161366639366337613537616261323530
39613664313364356265666464626231373030626331336233323838396638626431343165376664
32363131306538613137313339363536656265656661663432386261326466373933626163316464
30623531303132626163343263663133363363613661613434396462613661643038396561373439
65353838356639646561643166333732303465616531303235316636343464626138643463646131
39646462396330623631363236666632636466336636346434353266303234383138343030366166
62613530373962303432323733313533666466346435646534333731643962383736376262316462
38366633643963303032643530643934356561343961333364636434393237326538646331636332
65363337333162656235633361336133313963663733353136333630303465306537363862646162
36386538366162313336333434303739656434373165653838363530313431383033626665306536
64633861353734646262666464373434333938393463666436353363663466333039623330343638
63316263613535306164663532356135336532323533633235396434373966356435393737653135
63353864356164386138633933633964643061666536633435343436653731373735616338653338
63383263373465353130313534343666313630666430636632633834303262646166303465363335
65393663623832373763643731393138666565633365336638663530386333346366636138306632
66303535613936623433613461363766326364373764653730343138666137623839626239383130
63653064613436653630303163663362356165333366626630623465396331306363306237663461
31363138626236613966303264663365396661353862323533323665363330313764666132353237
66306463303930306562373935353931653562366162356430303761383864656139633364333661
66633063653634396164633839343237653439323332353564633464383962323732313762383736
61313733613937333230313538616362386466633337343663646439626566333230366631653961
65353265336139353838356463333339643036383563343564333766626130646265363534373334
30376239656138646433363834636436343064303332613934393331306537343136306365333964
63353939363030356334666334643635623061346338653531643465633661336436363166646164
34653266383761386238666139633834336562353838326632373934643865653131303037383137
39366435323463623835626630386539336331646133363365323630353330363963343265613732
37343061383730666665653266363134316164623934356437633531373265666538353965656535
34613939333438343865363935323331356363653966333561363730663034643161373030353036
66363932633434613262346435376130396438323233633636643038663735633331373432323361
36663136333462363665653662643066336664346466396632363262636632663438373334373862
33653931366134663663353638373462306363306265363335303839643566316636636233643032
37346334613366343431653566363466316164626330353661343631383664376466646266393932
35393833353038643866623439646435653534613635306261393431376630623131616163363635
32306533613432303434333262663636353432346631653830616565633935323264373265346430
37626539336665356263616535353933363430613231336337313331386337626465613062663362
32613830386637346232623039353161616539366133656563656635396337326538343031613636
32373864376138303561323033366333323131313966356538613536313731353535313730366335
63343633643266336537373034623964613634646233396464663038373939613638393863393966
34636338356336633365613232653134323763396336363732396533363566303532623531353533
31366435626366373736303766363636373533343930633666353835373231633030646638313337
38666439336535626439346265376630653562303137396336333033663035643762633832653238
35356262383633313436326337623333653930623831303637333861313135666631643666353133
61396262386164623836666661633738376231636664643431653132386130393232613866633062
63363166353039393733653966316633643331323364393164326432326663666632316261633464
38303037656166306434383464646332386530653366613363643236396265333861643832343130
64666330343635343334613761343939313064613464336633303630626538636266373633373034
65626331386439316133366639633239623864653066616539613130633137613735383561333938
64366261363165346130653730393163333834356266366530636632636436613134396432313132
35396265646166386135383066316234326636343139653831333763313133386433336137336339
33653737323236656664373262663964383661303166666664366464353535396164336534313463
35343033343537363634366565333638386133376334616265336262643064373532643038326534
37353061313161633264626534333233373263643964306166656635343865346331373633333235
36613463356231663330376462323062306332356563303036373065363363396562643136333134
38386363336137633935646530336633333966623831353061656236333936383563653535653034
65306265343538636334396336343935303234386535656633646263383736396265303033353734
66393337646462636234333832613238306334623938316232313965363131343237626534623037
33663430363364303936313363306565333538643936333832386136366162626532303133383765
31626266353831643762316633633539663834626537306265323733303330616439386332653365
30316665646161363466653439316236323539373665306164313166376261353238303130626265
33666231376631623463353665373631373765323634363763326639663030393365653637653261
31383031303232333938376431663934636338613663333062383231333765376665623139343065
66323735326334306539376433663463616336373162343032613230353932656237363135626138
65646565616231363239653262353834333230303930646662623638663062343966373330353230
30646166373763333137666565323463616265306332316533326562336336333665353965636239
31613762613765376131363737353131613535343064323262616166663730323739366536383031
39396434613132323435633437376464346533663033313938393339326538313030373765376637
66303066376563633030353131356236646138656537316132653366636532623834616138616433
32626639656266613534373362363732363631363037313061306337646432643464333438316461
65666161353037646365633662656635383334343232393263356530613535386339613661663863
63366164363466356337666539626265333737616137663661303737393365633633653930653331
61653331396661616636366231613932643039313662353265386330636435393037333733323236
35323937343566386238396330336363306465313166346532356462306632393963323835373866
65383330323131636262306636663430316138333630363466616338393464646535653863623462
63636464326165643239393630393233343934303933393165663131363063323634636334613665
39613332666333653563643961343266356331333561343862343232356563626266653033336332
31616664326539653934333031343633313639616231653362626164613262343966613366303032
66323561623734656538383233633961333966383463656163333266386539373835323735653038
33343835633037353462336461306536653730613933383266306361393765633565613761316132
30656463636634666563653037316533393937346331613161653932656238663565326262353539
61663538346535333962666437643233646365393961663962393166313833353030636537363439
37343433613366303530383939356363386238316635333230343363643966396636316238633538
61633763326133616165636266643034376530376132643362303639353061306635306133623563
61386234343930663533663636323937323039376530643838316531653565396234376163643730
31386235336235393935656433643536653461353836643765353363343062653565303131393462
62353362663236316330376361643363363233363066616433383462663830343130643836396564
31366261326232326130333963363237393563633236336465666665653733663331373633643533
35623664396332653430376335303735326236613639373232653932303639623463656430303635
32646335343463313064366162326237396466636134353436303535306238383765383531303630
35623966396637316337393032313861343733323933373234643565646537363130353331376134
64626632316639656339393761363931646337323065353533373966386664333037623537376134
35386361393332653930346163303530363438323832336565643666363639656631393639373839
65336566343465306132366634343766376263336261613630326566306266656466633165363439
38316166333666363431636133633766656363376239393436653737656630316137623030336363
32623763623536643366353231313838633362636236656133666533653538613262616437376134
32623866623836633731616464636238323064316565663264623531353836313266333730613234
31373934643165303566636361333836306666323762316563653037656161623461333664383339
32356137363564643035643164396339656230646266663962316130346232323732653938653737
63366265363061393861353961343931396431396232646364646666663234333537343134346663
64626136316235656639363661353931336664336439323666363031343761333361383931356463
37643266343539373536393033626533623966393934663134323262656465313262383764646530
63313933383262386432303936323361633861326661386637363730663433393066623761303665
34613039303638396664653734626366636235373439353462656538303331356133386662303236
32386663373039633332363962343363316632303030656365323331666264393065633735636335
35643061626538323934376237643036323466333935376237366136616664626564666438313534
37623564616432313637343333393938326262316261316266353033323730363230343964646166
64653562333633663131363631383864393039313935626136653862393963353966306636316462
65353933336337336439306666376561356531356132613133393363366233383236643130326139
35343233646262306639613164656135623638653833353261343530653739656432383664363162
39623630613634323731353361393136363966636165646232623038373437633538303338613539
39376435333438616335336231663765373238393732393835393330383435323166353230656664
35626164333932623635623835366334383336323733356634303731336265333266373932326135
38646230613237623536643765646364663964376135663865646137646337633861383962363531
34346266316363373864633031393633363436616466646238643331643538616564396563626366
36366231323431306665303864663965383232303833396532646335636537653064333239343663
38303264646630653632626538653533653738613830643662323863613464663831663238383664
32393438616634653238303165313366643533656339333763366162376630623438323133656364
62333538313361623738653136623031343135366233363030303839633939373934653664386162
62316266366138623261343436373731386134326233373630323034363066393864306665663738
36666537393437373739343232643765633266393762666230653830333639646637343635343661
66653139653262303238333062633637343231323563376466363463346630396439376333363731
39663730316433366161313032363863323637316630386638633864633461303631666163316161
37316265353130313636653565356262613630323132336264633538623261346437616630666632
33303964663139636237343038633936353062656564626235636530316334313838636664663535
66663961303361346336353337613330356335313837353234323439316664646466653165613364
63333662306438356230386637316363646432636363663264363466306261326664363530636137
65316435343932653063353835623138633831336662393162323335353739353661653463353533
38616261643936303463343734656133306261393937306232326263666262393465326139353837
66623062646332376535613161613166663062353839383863636362333966353339343733613330
39383732636339356563303464663736393166366538303162663337623931393330616230316362
39306566643739323631613764363836343563633536633436353334623161653364663963616535
37356435636535613635323034313536313863343362323838616332626666343462643861356534
30613233616664643439663964343633383662303764316361383062613538313661373032376439
30383434346237353034316666386364366639373762353438303961316633643264393134303365
62303362653864656265313633376435366462353361363164656533623864356638643366376531
65343030643238303261323331393136666233393238636564396238656230383335343239306330
64656662326236666534663364343331623463653165333535343462396266346538663435346132
38323762303963616662336132623834643030623930363232393763363031623362363934623965
38313064626434383732393538383464663861393231333539653663383638656662383130333166
33636334373732633433316432613330383632396434383330656432386538326137326535323736
30643861323166643834626163666438323563326633666463383234343236386336643661343266
62326639636431373232623437616134663833663538373761303637646433383631633135353763
37626335666437623262643534393835333238653037613139663361653133633734666132336331
61633531346235306361616331316431633630613866373938373363323831363938343234653632
30373636363732646433396461326666363530653862636466336138633962353538333264356431
33353736393061393135363931636234636530663730376635373865396331633838313433336663
38353137343663376665363231326437326361353462343331363838346139353065396165633633
66636432353665393163393934393463383736373837373364363239313435376531383962363636
39643030613464353235303030356537613835363934333939366464303436636133376633656163
61663037326430363865306362616566373739313435376134636562333166313835303034613038
65613538343262306134393962306135386162333963343064386639396464393131656566326565
37613834303231353934636365353238666634353930646665626135303161353334303333326435
33653065376431643735663135323539666431353065353363636166393135633531383839336365
36343665373761323138356630643837386238393337383934653536383238633930633935336430
31386436333237376233616565363563353661663763323333386364336433306632316565613133
32656665343430646561353831613137303961353339303335636166323637613862333766633763
36376237656431306431623039323865653165336364626233353337616565613534396364366432
64383031393962333033313063633063333866333134316235353534346462373364633461373961
63316235636238336464646139643638393530663637363838666662333936393530306163343836
64636435316136366661636238373032613639663264656132343339346234366331646537313465
34366430373636663435313235363930346333363865323636313932393836396561363338666161
32653133663838633766383937383566396639643337643239333039333031396163353164633034
30653436656566633031383061636431373939363164373163623566323237353837613638373732
38366263366232303638353862306366343237346231376439333861303432636637633964393039
37343936613931643533323535343730336565383436363366323934313365353634613166333235
36623633393533653135646233356662343035376266396335386265353862343666613132343032
35306636626563363362333861366165626233376165613965393835373533653561323039376632
38303532393132376132333935653132333661353532303734653563346130393666616139373831
34356632643166616237306635313631656535663564333730396638626238393030333436653235
62633632306366616334626339343138366564323361303538346531323761323962316163616165
65636363623463396135303566653439646632623135616333336530663339663739316530316464
38326632313562376362656265316139363634363562376366393366333631316536386531613464
33636164656535373239393237626262663539316634336339363064643662643635333934643836
66656532343938383332396239626335393964386438303034333064353430356134313963353462
66663066626565363633656661356631393839636362663238386334663634343364633538376262
33356435646337616465386163663837663039393036656331323263313937356239343738366234
36653936313736323733313365373364623163373238373462363331383066663165333335306231
34326136343834306231386534373263323735343366623836363039363761353666656134313665
63336262373266313866373131626135343263343834336361393362343535656666313839333136
65663435623465333461656165626464643435356139376230666365613538613633306136626664
39333830633464353161343439353865633138633737373439386437383232333665333965376564
62333464666661333164666635656130323835326563623962336430633264366234306138623662
63393031626538306362326366303964323330373464653936626139383733666636376164323963
38313436326331346638313832363133333534373461393866623137663338303737323265336665
36646666663866326434383637313335613165356366633838666461636431626638393939663862
33393964626265323630623763303366623337336666623563346361316238396465376435393563
37313434303065383932656166336230643737616135313466396265376135613362353434646237
65663336316535666333366336333037633330386466356161333233393532636366663237613066
65323464363539326135626335613937636630326364373238613966666335343964356230663430
37653133623438623962396239353236336134336533373638323338393032346438656632363262
30333366616135653530346161376365366236346330653763356637653432316336393664326638
38646332366237646132633362306135653430623931353739396438336466623766373764323464
39336539383333336366383864623732393532613261666633393032663335663037306364633664
33306536336661663965663530666635653336396537613762333933363566366563316265306230
62393431636439313062303133376563616134333132306365316338653663303537653066326163
66626666666363626662383938373731366133333736313235343838656532656137633139313262
63323866373561383962616565306636313130373034363837613638653764326535363632346561
36343234636162393064393035613237313838376332623263633664333438636566343161326665
63346339653036666461663965643332363835343561663038626264633932333564333336613164
33653430393036316638303831383433363662356339346135653535633662663737366462303133
64303632643732653238396634623161343335653837366161363131633531323464666135636233
35336339623464646161363836383863643535313334333562363132323764303136353533393939
64666362386235316335663132366466626664626435396566343861626534306539393262313433
38363633316263373033666431346664383264336664313364326330623634323533613038386536
66313535353937366637306162303664343365626563346335313963386462666663343865633739
62653038326662626435646662316161366334666461323634633636653731666535393962323935
35313761353836346331306238336333363664396636363838343333633331373530316439333931
36653134616364336532306234343937326331633330643831363435313930323535343861333937
38373232323666613631333734356231343639646436656264643232373035656465393231393766
66396535336235336165373939306162636463636236613138306431633563623463326634623531
61333161333034643661396536313562363739613339363966336235356337383935306561326261
34653238313132303130613632363966376466383430306435666430363735383730376266336264
37653337616530613733316133633230343465333433336639366230393466383736616231363264
34613064623166623062663032623463626233653938633032303265636333663938643538343736
63316363306538376462653736383739643666353062656435383437613064353766656135623233
64656361313765333562363438393036303563633838343562346330383235633762616139353234
30333462646361306262323435323966326535353430383433633139643534363934646534653533
33653936346433653433643365653032386661313162353933386135363332316134373035356235
33323033646130303332386331626138323136636536363438636362383738393861376662643465
33623235323639313533393535653436646536353366366236313962663730396537643163643465
33376634643963383865646633616464363262303661346430366366653664613635386532626264
39396334323739303864366534386433393132643765316432303065396232626531306337346336
30326462643363656431623834616637653636386133646337663363396265376463353562363837
65396361363537656664613732303461333436633131396564666237623235353239333031376638
63333532616336646132396337613835346333636134343634363839346566303661326639383439
38393034323430656233636664303666313764313434346532346131313433386536366465373735
37623135666233343031646363616465626631623261396462356637636339613462393064333933
65383262373861633166383130666136353939646536636430386266323538383436656236623439
65656363653561386636636535356231646262653537636438633861393563393638343735376166
39353731393331393034643561623434666330343835373731656136396138633264333166383564
32363966316435346262643366396330303134366636383466343131353237663637373830326263
34653235343538646466636631623561613365646335363665373931623266653937356331623738
64623933633832613633306365393738646638373765336530363166656661626664343939326261
65303237366630343636653361626238323730663630313466663863656237376664656564386431
36346261346264363166653036346262393137323732626436343736393431313637316639653930
62366430633330343338353036653839623761383738643361653130373466626361366637366139
66393834306438383730636261313838636635663063636237613032663032343362643862356233
38613361396139386661363934636564393838633739643337656235373464366363346435623862
62386165663731373961616664666566373039303236353033616464376361363563646131663063
35316365383032366233343033313836306562303733366265663336346239666566386261343531
31326130663035393866353338313866626139356437313963383362376164303162316530363830
64313135623535346633666462623938386535373234326537383737663766663465346262666235
39653766663738333136386637633131396366646139636539336335636662306637333962333037
65373264303539663763656538623336636561656663356331343765623637356431363435623833
62303666313466393164316634633432386334366537336566643636623563616138383732366661
37363963393065346163646437323035623430323737373062303064303132373466643733616632
62626563633430666535333235326433343334643936316465663236366333323930366232396334
63316230643466386437316536376263353965303237373838373836393163613864653332383362
32363039366432616639356233333439666137303532666230333135346239303137353232303636
37363334636335336265353236646432663033333638383830623036346233343832343261663136
66376366313732643163656430326265643364663030363566333736643337623236386537623233
62393563356131376164626262376564353737313339316334393963303037356563306336653230
31333930636331613738633333323764663531636530633531653764636434666238303937376434
66636534303136326631346365663663366435653161306639353832313164613237643933633337
32393535396666666630323863323062383663366235643566393231386633396262323533653364
61346436363930336363363166353430303132376332663132303962653238616336383137346666
38316138313864653762336536346536393566643932646565323239306132376432643866383532
34613161306435326261656162643637633261316430616136656538656333323337386134303361
30323166333236656234303962306461346164663131386432336566303235643634356634663666
62636564656366393266333766656662656336393132306331656330626364303337363230346165
66623035323038346136656561326539616433613066373535393261623330336539653538386432
65393938636338663238393834353932663234326630336562656134326138323835363063326561
63316234656364383036306262333339366434353531363633313730393532646532383433343333
31663762313761633465396234333839306335636264303731316231666465376532303931396636
61336130306262316561633135393033323737303034336365363466613530326666636432353035
61326432396464316561643735323237333032646561646633646133396164376533616632303639
34343739656461623762363037616432636432663330383865356162623932663630643539626433
33616334356563373732326533366536393263316430633431393466643261666662363265356261
34646137393432353562363137326330663939323037383236383639353065383934666362663061
61346130356538353637346232363830656466633738623235393233643132643434313130326230
36333562393161373834383139393966643538343866323333316235306462323561323565653564
38633634623166633763623565323736326662326232373033383732316233656236363931343332
39323530653363386131383765666462646134626434333631333530343063326664323533393061
61663638643437373332383762363366326134336435363836323033616430306638633862653466
31636532656164386430376637643137626331343233326136303231623361353665326439623861
39303634363232313733323337313731616266356536373732653664656564396664313264393563
34653536393961383434323631373666623534653238633361383231313731643266363665656463
62396164663332326634303631326463336536356465636631333665613236313762663432376439
35303662326336343862643634326234663730663534633238313439316361313535373637323535
34663930623534653431623130383064613831636662353435373563313737623238393537313361
66643730356336336232323539643263653166303461363233616137383632363931306263346234
31313734333937336232656361616536316366336164363837343763396234663363363939356232
63336537386631373637363061663030373331303230313165666563333066643139343432346532
35303865643235353762366239376333666432626335336531653735636133326235323234306530
36356235656565363833393734653538623363323038616464643064636130656439626139626638
33366436393838643237343735343132626534336562386232323363613362353465613638633734
33366133343634623836356662626233303164643836333361326531376262626463346631356539
63323132663862343539353664623430393532363431303536663030366333313136393466353934
32383639363830636361633764393066646262343736386131373665343364663832333966623466
32626165633362623364653136323966316135343538346139643734373532653439663464626666
32383230373335653964663966666132643739333837353361383839623262366564333134353937
62313737383261363262343061656166613865316364343434623364313937346166313836333766
30666630373466613133643633373938666635313536326332373263343564343131636138653834
33366233376363323266633238383538356636376633366531363962343563316366646161663431
65346532306432613430646462386237633439346633393534386535663337663831623431653833
32396261623461636435326162353063393933363365633934303835303966646561386231353332
37323061656138386466323663636264616435366630336462303136396463393761643933376337
31333365613361383239333562663737336531616464346530313262666265313935653830663362
32373639383330303136396566613065373637383230613162613763336634653434636666383432
38623534623865623931623034336638653935313931376264656263373466356636636137323166
36656238323765383639623732383539623135653864386665633339343238356161346230623934
61333664643664663363666537393864633265646533646535663132303435333463626336343261
30363565303332313362306136323366386566336234343839333430353465323332393236313361
64393032646437373438303030333133613433313166343833306136626563626162346134356436
63613037356261613831383033623531313534323662323664393265323264653632626435316133
32353137386132303233623762623634323239663961616632386339666363653262376538633231
34343738366539613031616366343261363035663730653564316266323735653435323662303163
38346535393562666464326665353731636464656661376137376536333663333932643935666537
32363931653439346439306234643839643564386161346564613062333462366138393035646532
33376266623761393362336237393463396434623466373862393233656633653965363264396432
33363661613831393033326539616461656530373831613766623139373662643930333333306632
37363431353738623938356536636666643335376634373332386664666437303139383137663663
61373562396561373465336333393066626161376131643436366632313161323465393466616164
30343738346234636639316336303738363738616630663939626132303963363430373136326563
65346336366166613039326639306563663464316266623939323161316237646563653137353235
39623330383331366163336432343035343963663739656163363738643563313635633232623563
63366166613931313634666465303733363331616331303635623434343938626662663338323436
61313030376633623537346666353731393433366330303665373937376636383062336436306332
62363630303334343932613239666565386637323836326630326430666531396163386532313161
34616139366335353061393334376639343237646465313239363131346638666161323538303938
39323234333234363638363963633765653461323830333065643637633831366331333031623430
36313939663437306630343438616265343066306266373634306439356430363230386237663931
63323235643036663734323161363566323561316334616630393061363963383337616633376264
37363936393763313234353662316633326435643564666566656164363764393532656337396164
63663230626363363866376532353136346435383436623762303464323437363939626364616438
38636265346437386333343136653531356266323363663734376561353465623036356137633161
62386237353038313639623238633964373966613464366631313639323465653531613635306561
62633636626631306635353730313362336362336437313033323237653338656262616166343963
34393539643935643039666631663739353136643836373630303130376435373737326530663365
64653531346162663761666132393230393938633462373939663737396635643338326366383537
62633330373762346564656336623731366365333931333264656133656365643861613966313432
62376434343239643963346437656439613138366666666637373231353633646130646136383235
66366261316262373931393765383362383534633638363635633438373064633631623536626364
66386334623162623137393364326330373966653035623638353863373764623461383662316236
66316563633431393634636233353831343130323261353764313939323739633432636132623261
30326361633263306162316266653061313835313965353336656238363430333639323263303735
62663566323233383133666434353633643162383262393737633735623565646463313633316438
33336236623039313832316362633161303066633632306430613138333234393537346461653233
61653634396237653234646261366565323737346433393765323861633662383536343932646562
66333564613166336561326535386631306463336531373037376430636664646238393836663530
32316463346561653663666130343834616563343731316231616535313932663866333966393038
66626636363230373535353766333737343731333964323236323333643361343663653834316230
32616334393365643663653461323639623735333930323961646338373036303061323362383538
31343535356239313666316637313632303433623263663139363464376261643135386635623338
35626565646331313565633565343263636166633138356434376435333931636563316636386234
64663163363666626234383362353364323065343466316537613632323637633865373236626636
33663135383336303162303637356331346437396532386264613362666362306131653366353531
30363036333830343164336238313562383736316437663661376366313933383131616335326239
31333039643736353033366462393837616162656164353464653335366163636135666165343431
38393264363631323837316535643436363432386238323734656130643231313538373965326235
37373530623332303538623135373765663633363231653166353762613938636462643535323137
66346230376166323065666135653162623539386536323032316564643833646662333265663165
36373333383336396633386130373266396138393166383530363733366235666465323531363833
65386236373331663434363037393739333262306435363262386264363562343139363566313438
61393264613036333465323939663130643566306238643335323330653366633366616535666531
61343838653664343839633566643339313366316561316263336561303932653036366133363531
66393564656333623432336632303738336538626531643537666538656366643532343831323436
64336338663666396537376639643938393837613034396463316564356563663036336631393337
38383663613737323538323665393462363934323537333630663161326565363037663238653561
39346638653030636234326637346334343664366331346332633564363335663437313665323063
39636135623038303963313765346130343132643962646463663130353666383239373666643639
61323037303439376339653234373831343439636239616162663536396536363063646663313264
62316231663839653132643166393736323238623732323738356536386566653739363631376665
36393632613263383338656531643932323162333837666461656137663431626137666139363666
35326461623537323637366366313933393062303431316432356562323439303634363639663535
31386536663236623735343930383237316530633738363732393166376166626464373032303065
38353462373433376466643062333038386530323839643136323432616562343634333933376163
63653433363035303663313634366534613665343537303037316532353665356536643337333435
66373338316661663661626537326433613665633030393635356539363763303035323463303862
64636234626331646536313436613237633530656232656432653835333830333332633831663962
33643162393335373236363663326336653432646361396463626466393430616134356262303632
36303962666361373830313137393565383438326366623834363135333964396535666264613662
65316133313531663734643932336362386335393866356462613163353039333361636136393239
36663936353636373736393134346630643331613031303831313338353364656163353764316461
38656138343332343939343435346663643462303235323539343330636533353361613136616161
64666532326338393366323034336266316238356132376639316665306638316632326538363366
63646363386231653736396635643331653532656136303734653533383964633530353064653965
35363065633065653831366433623131303030643131353839663731343135376464376236623438
38616137633537393935653462396136336264326630363533326435626138376438393466633265
63303366623966333736346465396566366161323865386562633037346562373336303065643263
30613765633061616436363336666533363062663765323030653962616131393733303931383532
38656332353435306137613739326133643036323864336463386135653438643231393730646366
35616639363032656234366532613565666336313139636539633363363764316435306665666366
35326137666339323932373165333239636134393936343335393364376335623438656530666439
36666637373161376262636163636238306466396337386464663766663665396337373662663331
32636636623362363334613436336132383135316333303339333565353463633564643761636337
39346665623836373239643332633833353963356335613439303462626331666261343433373561
34323063383366346666663764343337613761373434353033316139353031373364313639373137
31306464353434396366383464366663613134663730343464666665376237393561623563333934
33613061616565633635303131383937353766646433393662396163326265363431316165353139
64313332613661646635353336333332336665323039643836663066623062366631663564343765
32356633396339643163393264653033333035653362643336306432313031373632633566363939
33353834353064623166336430333065336561643665633733366366303061373665313365643161
32633362366330613563393939396633336464623032383831633064613737363535363566663235
34626539386461653939653163316463313363323661333732363539323065616534616134373338
39343635306439306165353932353563343335353338643064663533376461393935636231386665
64376362376561643937656234626338323464633130346531316362623339633739396435316565
66356132313633613462363664343733666234663462333437656465373833353532623865346136
34333238356265313063663666646232616134386330623537316431353665353735346639373333
34613335636135376533653338653139663839343634613034366135366634346165366438383462
30353530336434386130323061333030613330306539653662333434393062633161363761336336
39613631323866393138323731306461316262363464303566306534643961633033336163326233
63366334633730626137376263306536313636316636336535346164336331343835316165343363
61356433656530623963316465356631633436313731656438626165663863633261653961353836
30656233363436623731623436643065623565643536383136316130653965383531663739343935
34326436313932373161363836633136383139356466323730623465333539313232666664343164
64613166383766323037396333396661613839393537653565393361313534303664303462656261
33323438663833333031346235656231623561346335633764343566323033383262346261356634
61656166613936383938306432613938373931376265313034373964633563303662656566353231
62646263636538653637356364363365343866386134353630376636396233343961613862303662
66383834303637623530616230313462623732626634313762653265383763363338643663623136
34353732373937383033623139653831336465393031316137396461316266643264363533386262
37633261656636633264316139343465633830306566633434376366346165336666623933643864
32346335306161363238356562393830666262306438636133666136633532643631303733643230
63373037336265656239323764373237623462303030303333346638616361346566303236306564
65343763326237396430653635393136386634653237636639356264626462386237623561356234
31666463363739643538323564373239323861653135363136643339316535376133663166663337
39616432373361386463336261386564313362313830343933646435333838616234393936373635
61623139656463656235336335626336363830626665623034363932376466636239366532383430
33316635313663643163373661303566313234656537376132313633376633626361616432623832
34366463363631333238343732623166363436333336623435373538373365396161346135653931
62326563343030373933663730363632363933303739343436326338646263333632383163326264
64663338363966323332653662306363303434313939383238626137366664383939643962656235
64613163636363386238393562346363633562393437306632613666373036333665376136323236
63353435353963396638323863313830633466343038333562373938303737373637616638393363
38396266336533346462626437346439313736366535373130376339633330643433306233636363
32386339656264366663663363323665623536613430313430663466646465313961393031646265
32393138373731626261373230343335393062623731376564303236656539383964333832656139
33313639636539376362333433393162303335616464636137316661663938313235346334306331
66303735663138666630366136393332353464643937343261306264303530626133326663346463
31613564363563616432396332323731353239373131613530383039333266303163346132643561
35376261383864613432306630376333653662346633346162633962323861313062643034333834
62326437363638663732346532613130626534316238613035363833313734626162623234663633
35333564393832333432636137356639376662643663376362636230623439646332643332363966
31613731623762336134323361366435393466653565336330626531303662656232356161353533
63363732333436666466663339373662326639333836333662393265663364313431356530343135
37336535323364633661386135663065336336376366633039323630356135393363386536386265
66643935613737653166633737666434613265663837356536616539613965313765326463656633
35353061613932306465653733383661643265393337623635306632656265353665383337303238
62323839356234313532333962316136656563346665643437323333613132376138353065353734
31366637303039323537336361636235333230363339316362366333353964393330313763353235
32346566646264633836373361643336643165653764666232353839656262333232343739646666
39336333613137373066366561623738353733346662353861666363336439643530656263306565
31386530333661373234383865633935306262383161386263353261343637313136636666383939
64326431373464383461316437343539386338663433383662323266663939623332343833313632
32313834303264306339643565613336653534343731386562383262366430363632653337646664
39376635366565616266663461393437633661616439373735316331373638666262386231616664
38326334633336323763613436666432383533323465363232363861383735376263343636373662
66393361663538333530386264306538373964346261313665363438633861353764623234333463
63383837313965333330363735383437343637643431623163656136623032323961386532613066
30643538633638353730386236336335393431363365353039373336373162616230613630633734
39343134643461373730353735303231363434363536363765386339333834363162343131363030
33323162353565363130636565626664663233643165303538316263323337373866386161646332
65613938383663306230646363366564623865313362643237333234353663383265376634636463
63306338343630643637613539363763383830633733633364363166633566323431343635663036
65383834646662343864353639313364666635303836353466626135623266336261366436326537
39626630653662353534316338633033363331326234393538653437616334663364623164663463
63613464666431616262616335653664353235653464373837333639333139613461393639316432
66626534303338643061656133386561373564306663323130336437653537656137366330333736
65636239653433666661323939313333363461633538613162393633393831316561336537363163
64336633393434313132333263656536623662303361376130343361663135326137336238363133
62633139363737336564333636363334326335633033666639623233663666363739643062656630
33646363636639373262633238333732386439316363303336656335353137653030313537313432
31323337633436623337356136376166646261356664323931653630626632363436636530313238
35333332323162373630316264656338366533346634663262303933346435643466396365353438
33623636633837313165313563373835396433383230373630363130356537353862316566353936
32346438353263373637633131393135663538396633656430333934383231616465663565656639
31343239663162653064666165366434393964346236353135623664613937323463313236643436
34623563343933623566656333313264396436616164366565313863656232333830333933646563
37303966376562653437323738323937626133323236313034616661663530373337346232383539
34653539646663633239666138636162356633656630636262366165316166336164653366346561
33383337376231393762336266303637353737636633623336316363353763623961306433343661
66633435666230353464346333653365303466313532393366313065343564396662393635303936
64383463303464356564313439303064326230653134633561356564383836383035326362653863
30663034326630663337646332363965666538633733343030613562653031613366616233343139
34346532396461346238303362373531383038383338393961373531383836363732656231613463
36656265653837323835326463333734303662336137393465373863623266666336646663396635
33363030363535313064313761663864353532353562646461616633333062303263336133666163
62306439653635616533663333353266613839316165303365393037386435613066336437383263
34626137616663653235626266336161396563333233343166366364353736613032373731643035
39343633653761666266363033323432616633323431623037313533656136326137343764316264
39616666346662666264323564383438633331376563313962373363316637623939306230666434
66323737316565613865616362646166383866346164393237346634303066363338636334653164
34376364343434623562346337363162653539626562656439346237386435373163636538386239
33323239313838353835623962336136333132326464373232643735373236646132373963626135
36326239653937646134326433313461383366643663346537616330343338343233653838623162
39613832626639353532616664613532643761383634333361646437393236303363383363643432
38623435383537336338383333666263653063393332383934383635623333653966363337373933
66333136373662383734356437633830656630343566316637383335643131386663626334636535
34666436316365626634333131643662646462316230623839656163383030356264393938393936
36653931393361336335383938356334633066633063633430626432313236613038366464666461
39613131643738316634326634646261303463393238396665663536626633653664376433613265
38316564333736333861323262326330356431323565643065363638633530383133623965623437
65373631366537656662323330313930346439616264616666373638353864303938376235383137
35383432653236313434313561636531396365346265653138613834366335356566636531633761
33376432343936323561333134353766613265393163633434323035633138303463336333623365
39323239306336663434383063353261396535363933616465643065396664373164343866373763
66633461656439393638653161366263633564653265343635666363323764643461386662333238
36323135383836323636643036633233393338623033646264383664336635633139323236636134
37393638316632636665353839343031636563393832333439333034666466383863613266303566
37393463326462346534303338663532656664623765646234356134303734373336373365396332
61313537333965623437343837653330626362363963626165396436346564326136346662623165
37666435636239666362323034343038616266393232666438666138356138316231653633373039
34653265343437323962303333323637643831396132346137366432373733333963613361323230
63626337373234303262626365636135636433396132636235653962633433376562393337383637
61616631336339346233613131386366346434373961636436343062613437623261323330633833
65616531326566356135613730313362663363653762353564373335373733663235353730613430
63653465393030643163373036386438383931333730666434633830613064313961373831653032
30613731383531326232626639623138383661633766346435336262376438636262336631613939
66393263633632646462373135633866366265373835323835613730646265663932613436653936
32376565313465363662643966326636326463663032336332633462303732663163313461623763
36666239356531333138616233613838633366616638626334633030343037666466386631613633
30323364653130373139353236373934643337333034346665663235666534626663303262313334
39633962333333616535353832373834303430383833353364643563333063353337633134383531
39616262303831623031653331396161626266633034323430386264343264633432393739366161
34353866366230343966383735376237333766303362343031393133326632366537663435326638
31313666376363623264386239346361326663316431303332656432313034616663653166376235
36613036343838333263633837663038316133336534363139326136366164303937613864623235
30333363386266346332613336613530346633613435336335333832353837613766313461653731
31616437623432646539613635656464376464353364376332653665353934613230386566306532
36643263663762613764643839326238353932633063613632396430633966653866316561363662
35623763643130376637653266353338643532643961363237613366623561383530326631663362
63303333633439623234343163326264326364353464393364633333336432386137623665386239
62633365616261366537393334336137373064613963306539616565333466393030343261633933
39303932373762343363356438363038363137643665336136303261346432366236663835373732
35633464333462303334303235373761323032396539313462336337646332386235636265306465
35346532613532346663653837373533393337663032613936353636396539633734626565306239
62393164633766386462613733343737323461333233303036323232646462363634616436396637
37363365663333613263393030643466363063393530343035613337626463653464343732343731
36633439643662316434666137356235663830306365616438383937633866316235386631643638
33353363656532626261303438663535626330346266663361666633623535353236343039656337
33346162623361306439313232623365333166313066393265313839333665336231653930633431
30316665386264393964383737393064356362336263383537353435303537646334376436623734
62336165623962383761346466393733613666613130653834646339633139643562383032653837
34616439363762373565623435346637373034613935393962303362313530343962396437393236
37616463383362353931353366373037373737626137373932306363616465646130636536313034
33376434303530386165396365303639643430366437663661633466393639336535366666393665
38303961396533366362386137636634666264386539653033656134643135636536643564646138
65313631623765356464303238303637666433373235346266376233626134323666653730393466
61326531663337316365323737623062353835313565626366623362373566626162333964616634
32366164613138303465643830613231316364313562643464306434663262623862643536396237
31323634363331323764316265663239313766346565666138363464303861313937643362633466
61653130346266636661623235326461393462356362666531663264663361386564363765616133
34313538333761356337326464313333313562376434373330323461336165613763323464363265
30323537346561353239363835396465643035326633353238636532656262383936343634613136
65613966346263623663643430326433636630643832363837373161353930643464353661666332
62663532353031353763353431383839376166626636616437653165383636346538343062393036
62343764636138366139613061306439323136383064383663303135313330613365396266333961
37313465373636333136346439376633646330663165313437396666336132343031336366626666
62646261386663656663383963353739633033366530613136363637356137316530666363303539
33616164646236393565333165306362633763306635366238616537343938386265303430356633
37323638353232633039326632666230363639383862616266343430393231313933333632366263
39613237393765363638363765653338666332376330306230653663316635623838303862666261
62306236316566316161373462616430343464333132323566666135646332346234323039336334
65353066323930643232303030366636346162663163346139656261616131343630383066343031
30326239313663356336623363333431623839666565333366393763353635616632346231313433
38376261333030653931613438343365633331316133633165376633353630363633373137643336
32653637363765333963353564666131653262643538326232333031643635326463613264306631
66303965393032633632663732643664323937613632373532633537303733393964636663643137
64663062623962326332643331656535356335613333343962373936663230663462663636313134
32353964376461383237643864316536333233616333303965633062613834666161303636313331
64353761326164336366343762303163613831356130353534383562626330663538643663383530
30336439363666616365663863366530396130326138633162643636626632303332366537363964
65613938346632393631386462636465636439303332393036653332616135336334303035373237
30326431313737613935353864613561333937383463643336356535656434393235643764333732
36383963316365346238636461316332653865356663303232323835393464373639623766366666
62346633376163653165636132633265343736623033366431386635653461386634366338613962
34383630323834643032373466363639663061653435613030616436633336643435323537623364
39323339376330306531626466356537333162343932323233346134656131616661616366646131
36366338313037353333303135316432633963383733366133303833353664376237383538326130
63386637373530616666363834626637373664366666613230623238653561383666313430626466
34343936663465653864386465373531333138366131303361376538353534353864393634363065
33333361333938633766316364636132313435346431303762326633336237353338353532376232
35643638383865343762623638303963653764666533666430373633326337653264643438336631
33333431333662383434306236666432383061323666386335623734383935616664666231346666
31343036303164633232393761353834343037313637356464653236393235626665363162653266
39393832613663333165373963653032666334656638336364393033643966336531613736363064
31623536626238633863396238356634333939663935633964316135356432663231376133343930
64323233356265303433323534663439373166306438633638626637363662613661383031633034
35303030376536663264336365393466636136306331363861613536323563303933353762366539
35663363663434363039386462623863666433623735376432616564303835383030613639303136
62373930363631633163663130356139663237306462333638613239323164626439313733316534
36646330333566643236633532626434373438343530666130343862643235353132306266373462
32386136356661393861633638663934396232646361663637616566643465616566613833336564
64643063363030333562613636646134366566663566313065623964373932366234623531393663
31613535653366666262613536653235313964363533396564643739653564363161333166376262
61333839316165626439663939646530343866326633333134346562306431383139386331333731
64363365666438356433643534363266393935333664326564393165326539643233663139333633
37353637633238376138646231646230623337636338363932613863346337353964333964363337
34386262626439626536363364323334646431363134666265356262613864373764333034346435
35313035653332356136333131376261366164356661313962306363653630316537376666626166
38363638653531613433303230323431633239336230663937666639623735393865626538316236
62636666336131663263633134343531653662386264616630323665663866333733643665313430
64383034376161613634313964383032643833653935396130343339653931393832356334353763
30373038306132326534356135346461303939633934393836396437373838343266316361646430
36326562643465656539383630653239656530656637333339343931393633373164383964616264
64646231343637623739373830393935393163343932363763656362396637613065333662633231
66373030653539353266346132373933353630613636663463363165316630323034613333656430
36636333333637643338306532626533663664326465646235366238626364336536363338623966
64633839633765353237313437363762643333343336663662303038373438393466306137353933
37336436336436326138653865613333333530636430303961643661376461663362343130636338
62663762613138336637333939303539363037313563333266353031656438306433303464653132
62616432616235613932396331303363313236326665666362656538636335656138373232316438
33306261363138303835636561623134336266356632636637306566643030626564303663356534
63613639383730333866396432306362366434613264613862656431393832393239616362663337
38666531313234366133663139396163383862646165323065386139393735306132653262353630
61346566633939356532353334376132356461636538393338376566626531383462386231663237
65346439613961643262663363353333393433313334613932353033366538646133646633323261
63663336333030616531636663326530666166383463383532363061366361613531306265613931
63626261343736343037316466353632346436313932386236323361623665373937386462373964
36333736336133363661633066663230383232306238656332353331323037353738663435383730
61623363386366656666643066653733303965306337653235383666666634316538373930383962
35623265363434343932363865316566303763646636373165383638346561343030653739633464
35333431383131383331376661346438313937623735613030323534383732323662313865363761
36393634303565616233363833666165393337386231303764653333373831323464353837373663
65636564323334636533373263313734653437306561393961653731356536653937353137306331
35653361386135616132633061306366346534633433323461323266313138323532386365653164
34643536356464373437366237343263396161633066633838366137633433613233313933663861
31343964363630306563313262333238303034393831613431376464393839373962616535656336
37383334633135326436663535366231633738333639373431623964643139333731393661376566
63623131393164316437623731353134626536393638636564633566353536363264343233666662
38323930326163363363613965346630613439646138396461346631376366663036636537366534
66316635386661336665636632346634386433663862346236333963333035306463323762646639
62643232393730663061303266306538366463356438633334643530343264313338396664376538
33393165643031666361326635396330613362393538333665343035373938383532316237313539
65316539643262373434393365306630616631656234636135326135393936666132636463613966
38623236373364346131663862353163363063336534346633323538336535313738346633333238
64373338376537323566396365376232323466616139383765636564613839636632383430336332
33393261663662633261663164393462373133376562373864306662656166653833326265336566
35656665393834323366316437353966303133316561666265323132643464656435356662626337
65323035346638313238396535636261623163333464373039363662643235346236346630633661
32643864393930663261316132613866323366376262633265333033623263623662353361313834
32633631656161383636353662363031306461343364336464313261373336316565313431633261
34656161343730353034383264336637333463313164323862303430646330653936616139376639
35646230343261626233386537373262663537363530326263303832383062333066346334613838
64356466393638346232623330366561346137623161383836306630326664396437376334373961
38373562303962666163363838343863376164626531643263666434353864323839346632376532
36376162376636383962346461303236386633363633633537383233306362626234313735306632
37323633646333313963613837643763313433626630616238376433633139653961303231613536
63646366363762333138373534666535313739353732326363376466626339333736303761383931
66333365373839653634623335643362616161666630366161616165383235343334666632666562
66366666303037623135613837623737643235643436623638313464303662363838643934383131
33313130613735656663663662643635353537313864363164636137373765396638613739326231
61613332376666663162636461316439373835623265356266393866333733633634316361613735
37316334383062333962373635653539623534383066393666656564613734653430313535326466
36633635336136326139393363353530313933376130336230636434313961666131643231343261
30363730393132626239323363613536333132323061363462356563646661313564326364343166
34613064363436303066313965633536346230326630383633383839633432626264383538633632
64653033653130656339393836313339313036303738353461636639383830623835333631333563
33316337343065316239623734323431353637396138653565663561313362386165376137393635
64393161326337626237383030373036653666626364376266356231396261383631393530323730
32363063663661653431356633323766326637326363396161323238356461356235323866616439
64653463633130303861643362343431656638636431333930343338616135313039306134313361
39323335313234353832616531363033386239306463316462336636643362656233636233393163
62326433623734333534356334643238333562656561353361643432363439346162653032323463
36633235656663366435353333663464306432353461323933366435643430653138633737363034
37633566363164643633323837636430316431306166333030303237613863626132356135623265
32653734303566623438613936646532333731396231613461353036313163643963313733626538
33623531386430306564656561613837653434616532633937616361383836326161333339376632
66656663353965393663303831623466643762616463363464376638333334396139383035303461
30326539326435653163663936666565643763353334643336313533653965353164316333653134
62376236383936363430343339376137643164333433666136373834363165633132386562316233
34346432366237636236616438346235313833646563313030653338356161633530306431373066
64613236396339303663646539346132633732623532626134613538653231323137353435383964
30353436626363363333613130376464306231343630623537643737393637616363636630373438
38343762613161353135613261356332333430386165633463613837663666376336323034396632
65393238343734393465343862653966333936663564343332303337643464373838666136643165
65633066633532613737346531653439373636303162613733306263393932336561343661313730
33323631643263643338373763353638323865623231356663306263313830353863373030333931
62663663663033666561613236366362383063616434306130313431656637636266396439343838
61613062366238316134386538613530356663626662316462346131646430363065313834636332
36656536613435333163303735653461333763356336366165666665643762663635333231326235
30663136383635343666633439653861316362373063636363373866646330663938623664626235
63363737353137316433343138616434646530633439643463393466386135333862326337666336
65633734633839626636363833393061333630306337393734353735366330643264653031316339
34303535626533303730363064343263313963666630313863353262623263353535393061396335
65316364616535663230396266363462626165313063373033313262373633626363306636633366
61616637323837366237333733396165323735366632666563386362313539363966306565353238
30303739343631386330373732303135656431303539343466316638633265656439633332613562
30393933663965383065646131363434393762393437623663393837646639373337653834336131
64633064643261316232393730636134633337316462363731656330616139363938623866383531
38326539363636323934313137343537373938376333343361306430666361616134366638323033
32363437666633353733663364376230353237336162623462353639626233306336326266383565
36386438633938396663666537363863323230313932643132653631653937633434613430353530
35363461333233656466663032613131303736303031323037373731616163346532646430626531
34363662383639303964353831343964396665636637396362393232343837313162643237393832
66313231333337353364323131656533636363353739393662303764663535616662656433346134
63333062626564383739646630636635343238396630653633643763323766636666393661366538
61343565633333316430626231653739383861313961666632326135313132633861383637653630
62663561343435313561366130663433613861323266343432643064333365343832376130353161
63666433306139343338306131356330626634356461356535636431626136323666366239613039
31346130363538626564653537366535343139623962306530663262383961303331356432643464
32393761326530383231336366333437633130396135616435333238393039626263376436396239
61633830613734633736333535373763333961623564346262633061303165633036333539343636
33333963386261613166643865643236633862343932393335323939393737613134626331303131
66326532326362336562653665313930316635613464643833313334633966313037363730646262
31363437323666626231363364396663366464376139663538633136616335376362376164656136
34323534303331333631613030336634646461346533346339353461396634363832636562306231
63306231383137643831623963326163653733643864323064643461373262396666386237353934
36663361376535333363636232343566653664316437386138643137383330333263373764613662
63656530323137623638666631336666363132336432373639653363626235386539633333653264
66356236626562663537346536316631643864326232653631313839633136373734303865313133
62633633356431613863633166646136616130663731346565386139363236346136356464653931
64396539366363373462653066663933356630383531666336653331636161653031386536626362
35643931366166613266393163396665393434396263656335343032333938396239363664643737
34616432373235653030346266353337353330333066393462666233306537356563663934613033
62636535653162366236663461376638643161323761636533646539626636343831323466613035
30383933326530653965326331303339616462303361666339373632666233333966626431343733
65633835373531353636366564636566343538333963386434623132326364373632353437316236
63343332626431653037333430316162316235343131646438613462333635343738646631653831
62336236316238303435646439636336633761626564663936356439386439343738373862326436
62353536363538663334613338616661346462633961366465373237653534363262303261626532
31316537386436636366343866316334323731333237356463623361343062323762326636303666
38313366663333613939633963376236313731616437613461613239643038636637653832393838
30646362316665626562333933646132633833326637643138353930613733646135323264663436
39323063353565316166386462363939346133316634306434646631373736616664646232336639
66306632363362323234366164316131656462333537323966393466393332626466396664336238
31376138663639663431313836613639373835313365643235353366353835333437643232643931
35396463383564356639343837616535376236393766363238363835306265336135313832323631
61323563663565376262373834643065376338343761323330393332393230336130633936346536
31363731386465376334343236616530373633353733636666643331663235313931643765646465
63313235393966303265383330633539636633666466396530663131626537613664366163363164
32613335376439303535613034653332653838343230316237333939383338643238613662383865
37656238323364373137393265636535316466303639363438396535616666336233653234386361
33646636386131373234346265306435613534303030623232613966613666363837313239633335
66383932396465373936313163656134356165356131653266323833633833333665663033373639
65303037343435373062373633393338363761326461333066356339356262646462333963613365
32633834383162326639306236663639376136626164653434353163363530343134643937623364
31363239616261663566326530653130343935396634306330333763376165323039356564333162
66616536306130376533323739646165353539623965326163383864646538656163373061383966
33353361393862316261646130633963366261653932663936313536663134303333313561393065
31306235633433653131653766636465666562336435333964663238366334623466626434376166
64393763303730396437393463333532326536323437393132613533346431663937343034366463
33616137653031366238373235396235326131633037643637323334333065336132343731633261
39346335356135393863656162626539383139303732323963626564303161666261333932326333
33623765383536346433333037623533363838306434333237653137653236643533633866376561
63303132373164353363333932643762633934353736346266663938323639653134373833323134
31383630316234316265633631303563373336663734636438323939613438363562393364376262
31323834373364653065623034376231303135666330663133333631386162653766396433633232
32376134343562653938623133383862663762613133313562353762613033623463646639636264
64306564613562333663656266666530626463633363656534383762643636386463643662393438
37663837613665666631306139656666623265323337396461666639333937336432666563313563
37313562663933343139626637376433373634363361613362343135303036376235316538383965
63366130326363366637333636646562343335626535333963636131396535353731366565373138
36323035316330383263393033616137346364313231653663356366666631616563613135656438
34623265343663613564386138356636626464613739393238363830666364393037396362366339
62353063386266353763303835633830623263663937343364316238323962323137396465663939
37306633393539323734386536626138326633333839343131336631366337643261313461666631
64346232373663363735393339306338323033386461343665643830303232616632316231623638
64363336613038386537636262646536323633363936343761353233376335666530383832633935
63303035313336306238393166323339363230656630386138326262663663333836303536646330
30636363333938613338353133396266356138346664306635336161336566303732633838666665
37613565626436303933646338616363626666613065663638616165386162376162643238666432
65323239623762663366376662393732316630396662663036333531663438313661613530386666
32316137336530356662636638356662633962643135363633363464373130393437366561323534
31656438616635316464613466663432333532613039633133653965656134663837353566393163
61326265396535366431363661616136616566383361343430636134303930323466356339323863
36623035663364646433633437363335343532616636326432373839386331376639653035343265
61623731343533343665376663393834636637616165356561656230346562333039653034353138
63386265383961353530653234323130636133653965636238653032623434326661336131386266
32373433386237646438653437666633646339616165633031656438316361653366623635643131
32663434383564386563366165656130386663343963343230393862316534333466323131626433
35623239633938643864363264303334306366643865336631636362613264336437623838356564
62633438656238663630313738313435356661383439613936623261663032393565396639313665
61343562303065393132393264336535346538656134636533356232346532363332636139373831
34613335326461336338656566303230626331333465666265313562393034346336663537633638
38363166356637626534653136613166306436636431313631656139663735386162346633346138
38646139346637633436643439363063396332613265653030636236333330326365353431666632
38346639373764343839343965373265616239346162386236613132396535313861663634346232
61643539633034633237643134623939313362323966386265396263653433376331616266633433
36366535373166303437643261636130313261393963363836383433636138653231316331303032
36316363623130653934326661333530343761626266333762653538326639663235626634326264
61663830663636353038623533663837326334366532636231303430353461616566613636306665
37326134643663623136343434666635393331383961363637303935336132666536323661393432
37383031613064396530383063616665656635343761633530646131313565646133323062646562
39303230376463346236313934313732613666623238633339616135393036636464663338616266
64623732306130383530316431636133613166313864383332613633313637323839656439663564
39363337653366333533333838363162643331353861373733663066336134623363333937623030
61616537623633346466323562306234333263646133616163383232353264633830633538666236
33666665346535313638626139353565326533356162303833346664343732643461666235323633
35666537663132643933663730323065666636626430313965633765623461313666623937393162
64373861643430333437393166623032653835613932656334363464633237633930653131373761
39336332333433343534346531376363646163316134373631346539353734313466643938323030
63616566636661333866306663356333386666373932393539396233643933626234633037653731
31633262356535656236313137313963646461316438643531616430323066313638633738663532
62646634326136373530313438303366353532623034366535623066323961396662306530333436
34646235336262316633346332303436303934666264383965313036316465356539613766333531
39643664313238323162336636333462393764613866366230396438393966343633363166333363
33656265366262663838626662333836353438376362303434633238353665376663343864373833
32396231343762313735653666383432383138656438383366313732643037643238656535663863
35643566366162656130383165313464326364306635303235303032633635376362363835623863
66303162613233653564633934346433376434623830306366363164656534633135616330623230
39336238353936656638633064336562363435636562653836396164393663613533643732663438
39633837356431666235613036653631396662643038616363323463346535386134353930356632
35303865633835653839666339386566353936613465636661336563613935653432393236366536
37633635353439303730386333336364336265326661373364336666353363353163333362373732
63356231396231373330633233356331633133333434353565393038353661373736643235363730
37383732383463383432613463353730646566316265376464666165653635666266333730323036
34663631333834346431643239643661303633653236616361663032366234376234653539363166
61363232343561343330623731343032383837303764373165346463316237386362666664666530
36623361376532326332323539323235396338666239306336326134616161323535653138613739
65306332653334346166396130303937633636613365386139653233633766306633613038646630
31306535396632633936643331376639313666666139386536313334633966633738396630373265
32646331303830633731653032343530363630356536393934316366636330393666326263343931
30653032363564323534613861316363656639636364643435626433383138656131353433633636
30623630323832633037333338613631356331623830373938336361303738316361626538656234
36323736633263633634303332386263343530643435626136393934663961386237356566356466
66633463343839633539353939386238373862383963626239623832373363346463363139663166
30616534383362376635373835613762613564626361626234316561616535623161666537633633
37623863653562636532636437323833373463656633663636393961626461326232316131373033
36316536376535366538366664353239653731313261323836363637306538623866376232383265
66336438376466356630333130353530353066366332303465643561343830623962303431333636
62333834346639313334626339623931346661376665643639613836663735343131656464623135
37636537363632396232386464613731383239663761663336343863383832633131366639646465
64386665623464613532366462663138326666396563353938326265303366633263613137646437
63383765366133663431313232346539666162626165356435653530613166346664626237386463
38613166646533333035386562383739323633653466353661323939633835656363386366376335
32653034346534316137313037643436326261366537656337666235613232383963663339643338
30383963663531653065343864666662306461306236356264656263626439376238366336373965
30616632316239373363613438306331306665643063663939656431656536646539636563633366
65646131393066646133623636373961663137333236303965663439356337623466363332653937
62306364323631633536393536346631356462373962373137306136646464343935303832643835
39653331376464353065353861373263336232376531343137306232303139613465326662636162
35633964393538663131323463333339646539323436343334663537363636656434353937336337
65373930663537366564633663613964363534666163313235663166366564636336633333656130
34393833363630626534333961313532656262376630383161353832653161363963343831353265
65653938363239393233623062356633656237376237653834366530363261316466386366643961
33326639343335636133346436303762643661663861633262333233326630626333373165643363
39663664326334346363633362396433386364616536626461666434353465303130336134613165
35366337386466383933343135646236656362626330383238313934636236363836663331666366
34656436633961383238666162653839313432303464353531303663323037306435366663366163
30383161363230396131346361363431643236613432333265323137316335326234653730623262
63343934626264333936303965613037306162613062666532383764663035626363393462303338
31663735376239653263636534356134613634363931633032333765396436396134313565626362
32383561616234313464363530383737356562353464363461306139396262373737333036626566
63393765363732363537363330313763373266366263356461643038633938353235386434626666
32333330623033633530633838353662353538646566303030316336346362366635613532373363
61353933323765643939656238633535633434326462303062313866613231383230333163666566
65636566323131333865613665363330333664306132353464633930316437646134626436616665
39623636303963376461623765336265643734633064616461386633633265306337613764386139
61323632336532653531663264323338373864343131623864313661616139396332613139373936
37353337336334623234346434653632306438633966616164656464653133383131346136663737
34386366336539363061393562363665623637353036386366353339396433363837333362353038
34653238393962333339393633393837633764383634343864356231303531363062373832343737
61616237356162393539373839363831353137623939626437633236386235383137643936323032
33366632616166386331646533373137356331323530373233363061333835383332323666353333
36313736303736336561363166333262373039303962346331303266363133353764376336666631
39326262326236346430323631616338613762656262616362393235663432633064656637656662
30616363353634313361343363613662356636303366373563646466326239353931303861366335
61333239306430396638383031663439333862666439626334623663393035643638366432623439
34623638323563323835396338613065333761336433626465323937323439653864303638326531
37336436306264613465633064643838313037336239393938346631643239306162653861303362
34616232383136316163393531323732373464633533363664623065306566353464636333383130
38666338393935373864323637306234666461653130353265386337666264333031313665383333
32636430363531633562663065323964623738616132623366633532316462623962393265316434
6139
