$ANSIBLE_VAULT;1.1;AES256
36366161326464353463316536613662366536633533366233316139646365313562646436616335
6339376265653030373831346639306639633863653332650a646131643839396434386536626234
61626339376666666134376135333364643331366233326262396235643438373538366661353836
3239356534303233310a366662373237316431643033386136303631303431396463376430353933
38353938613232666266373133613364373165623031396164383365316565663538633134366130
63373736393536363762646638323337353535626262313433633434313330306230346561326433
30346538316561663464616266356262623732323735383934326537303665373235646430613239
36323137396261666139613036343363393536393737333731393161356263366632316135383234
38653665333732633235653438633466353037353834663439646234323336316462323864306431
66656233656139633431623332306133363039366430646238393434626366623235663735336530
30616435363662666666306632633236326238376536616235316665353363373761393132313431
35306239373766383339373234633036633861396232383638663262663563313464623935323931
30656531346133623532303531346337373331326161383439616530623463353730366663613734
64383238326135636436383439343039626565663531653336376666383063363563303733613232
66303564373431323533666566383066373732393130333165393462613237343231336434613430
34393631633762353139373833303637373261366537613865363830336330396134386463373233
38306564336538303564303033646433653165343430633861376663303437316263306130336339
61656362666530633032396436333630326161333361373730303065393564303366366463323533
36306164363030333863653165333634633635646433646265653361303434353263333534663765
35373965666135633764616532396637613731666665326631396166303632316163376661363964
34306430653131313838623037633938323863356235346561646436353261396533363436316236
35376266303234613739383539343139643738306263326162323661653562386639656339323930
39633339383332623262613830333765333261366263303432666364633537666134336665333464
66663730623036366666636334396162323636323330313439373330326462323437353864333132
30666539353464663565656132323563313261376532653134353934303036383162613165636366
65646366386537393064643138646333303833623766373236386535353861613465306165333835
64353063306433613363343062356462653231353431353461306630323332643363616464316363
34653331623765333631623530623232633963343837366332303938376133303136376331636538
33373064643462363932313230623830363138393033396631336336663437363163313239313034
64383634616363366534396134313332663336373339613863653662663838343736643539636439
36613064323364333732346462383632376335303432373762313537656334353230396164616539
64366436376431643137396238636361656232616235373839666236373837393764383435633833
33613936636234656566323266623163353531366434613938663864376236623437373434346535
37386636306261646136666265313065363164306430663761656564343238643763303536363864
32306531626232626431343835626166396432656535376438376366656233363835613532303235
36613439313466336235396130303931393435306236343139626365356639666634613833646133
33323964633361393333643363386133373961353938643364353330373638373137653163633361
33393133636631633338363734346433356666663539643164666330616539613562323333353837
33383137616461646338363838663835363434346538363036336136316539386432393733393963
63376639353938333737373366373139613766653563303130376137633866356134356364346330
39656664663266663738353862376538393561363837336236323031623264636434313362356430
36623136346432366532663239313963303765383734303165333565353263366630646333383964
66393362386534303838353930373963353530653839633831376465383563373532393332643532
62373965646462386564396134383139353361303837393766363030396665633138383836393061
30633338366232366564373333323730306464636161656130656561643437623436393435636534
37393162366332666630613239663535343164346561323230366464326435656466393036376462
31616466353561623931636538333937303539633737336535616633643833333836373036383737
35343033313434353936653230346130623330653732396439353863663434623339623539643931
31633835373363373531626231383038623264396464623738333762653835666565386461313830
37336236656337663237383765633361376536376461363430613730643830346434336131353634
36313063393733313266666164373162303935646165383935613161353031363965323333336264
61366633646631626439646664333933323230616332376662373638376636356336316532613031
33343339323333643238306638613332326138343230333334623536326464323366646432643134
33373032623538663436333330643333663632353438373138373762383835623831663039363533
37363533386339303437326566623865396561336662663733386563386466656230356362333063
31613935353030373732333934373738616334623661366434306264626162396234303532306433
38666566373061303030616266646435623438336631623264323132323031303436646230353838
33323037633266666366303362373935373839386431313235343736626664623566383332623032
35666164316264383863323961323534656665303465363534386533303634353332306432363439
61343137656362343862323431636430373038383638303463663665633963303066616634363361
63636334306533323632633331643265653766623135303032333432376261323465626539633538
34656634303462363639623436663037653064343761373733656634633930623564303637623339
36383637393361336263353834643733373139316431353965656566363134356136633431323532
64396231616539616334323333303030663539663561346166613733376364646432613638383732
6139
