$ANSIBLE_VAULT;1.1;AES256
66363933626530656134353362626261373464656635333966393038323038313664343564346532
3063326638313933363461353465653463393138626531610a663263323663623739613865633730
39373665303033333234373338383533646435353164366639613534626632343466303663383565
6633643832636536300a313339653263643333643464653531313830393731663436663834393932
65623366653062366365313138636465616433373631643564663962346663313862356432343233
32313064633665383330346362386236656231363662646239336338383637666263373962333664
65336363613639343430636335636136323165336438376563323931303531303764653130616237
35333436653738373438656138396231643663333132643739363836353937666431613932326230
39636130303330646131366536666335663063386330393662363166333232333833373534666334
65366566326636626237626262393432656134303534313261666261626335653735353132356262
62653539303862653534366663643037633462626539666363636266333334626430383335343736
31396235643562343538366538336262306331343233313764313166313262366161353261383635
38373462663433363735396132343363616163613438633662626466383336323065353034376434
32373834613265383266383632643366626366336438353665666263663836316433633832633062
30316336656236303533626134326135653735353763633839306131303664633161313262626135
33383336323462646464663837333230633937623564306464336564316663336239383966376466
63333038643566373234613063316166613165653131323462663339366639323635316336333334
38363238376232666134656634376265616264303735613366666165613735353565373362306138
66653336316464333239363066386564323634323032373537353361346137333166346234653063
63303238663839663637326237666664313031313130353436383137346239663735356466393065
37626431343462333333613866313839373432343930356431653361303233623831386665633838
62653635333231323261613438613335343738383633653233306333373132373466303762613634
33363436613130386261363634383938663532366635323138356535396363633062646665316634
66376539356230633162346238333564373333316636303736663730313866353435303835336266
30383437306166303465633866383666323439356165323030656432353939316164
