$ANSIBLE_VAULT;1.1;AES256
62373238666565306639353863616233663664326435646664303231653736656338373334303564
3032613765323934396361663435613738363837626463340a336163366433373234343439373366
39343931643538663634643666333462306434393836366138623332616439303037613064666663
6437366363316231310a623865333536353165613432393861613134353434653664666461373835
30623763623236356632383631333633393131643363646139636336643964613539393730333865
30613139633663343161346335636331633761613931306164393832313435343837613338333034
39393837323534386430366661646633656331393232353332366464396333613437323266363361
64383766316566653431646236363865623836363065333637616437313966373064656563353536
39653766396636626334663932653035333230333235393834623863663561646431376664626235
37353530346437353864633935623436343262383839646330306235353866636538353834636166
65323764376433646635626136363966386261653966663534376131313833306134333730363166
61353463653838383037373738366531613965336132663666643837613732353933336562306437
66386261343632656331376166343436646461363165396635316261376339633239626632363839
64363166303930643239323961653331393062306134653334393263666632356131356661333331
30393535633638306162646135656634343533376133373439306261366436383862663032646166
38633533306363383339336462643331646533366163626137333136653230623330396664306566
64333039393239383830326462393439313238646636393466643635666235626239316561646133
66336232316238633332653938626430386238653266383134383133643834313631323931666239
65636261653938333837386230386430643661366435663231653466653838343139663035313637
34333163646633613730343464356536306339613566643637616563326132663239363361383166
39386330396431653166656437323037313131353039636462383533626461313134373031643433
37353732623162666532326133376663346162366638363463306664303035366538383737646637
36353838343132383964666461663432663361343134666534383837333932653133326237643136
32323739653564306137363765343563323765666331646266346366313138666664623161623061
34306637356535343561353737333263623832353964346361643664613731383861666331366536
34623163323239316332613334366665656264363531343731383936363238333638373432663239
66616136373032316433333939366236376363656264613336313438373464343963303935663763
30643566373861383964633538393832396330303765333233363538373634623662613839643166
37376139653336386234636665306430393034643137616461653666323364366333303138666463
32313439646465653765663031303361343665316363356533626435326666386261313636386663
39386262393764383533666434313061393837363363363131616530353264373861353035386139
63663265366334316534313962316434633335313636323737356432346565633335646139336437
35376239623636396234643732353564363664336339373133646239663934613039323530323630
34376332393864393337396334636166613963666532333832656561383162316531333434386234
34376632626435616335343736653034393539323038326234353662393039333961613865346232
62303931666162363466343337393363636136346365376331343230633735326163326666633937
32633234393631656462343837333136666437383130663334366630653065393962376162333734
62313631316564666237636632363530316239356631363161376439373433646531393264376432
31313531363662633930343836303032396364303333353462303565666339366532623664636466
33323833663731346638336336363764616631323561396634326138343633353530626533383436
66613066643639653663613338326664393463616434393166303532383638343362353664393037
64636666663837366434363133663737383765613431646134626364353965666362656462316237
62383661303462636563373439623631373764623538323032373861383139616236323435376632
36346366326233613535323533393035366561613335633366333833633836313536306565343033
35613663653138343961336633613932386265326534323236356531646135653232356666383466
61333639623064393136353862626630633664383962323666333063643766313330366566636461
33383634383766623433303430646230626164373561393934303032643830633662643463313834
34353032656661636230616334383131346362323130323732303031333731663438346338396135
36663233303138323130343636383732313363393230393966666138353531393032633466623730
62306334626335333039633734613737336432333062366535663032646233343563633163343439
62373666383362336137663566616533383831393739323134356530363432646664326438353031
66393230313065306665353466366664643030346530353538663734643266313730393334316137
66336361306530363962306265306666383031373536646234623335303333376164323364366630
39383939643336346232386134633762653136303834636463323532363631346638643565303732
62303361326363623764346630356533333730376262323361316336663130623133343361623562
34663139393636666631623362343234663434656232643938356236643134343466656261646366
33363661303732633165303637653339333431396432386233633437633664313062643931656566
62303731356339303035363236313834613965653934356462623562643864646330373838643439
66643464663735353235626562373838353036613562666337333334323862346330366337366162
33343033376266646131666365613235346537356236636135386134353162306137303535663663
61663835653339616631633331303237376138643964666138376130666239303539616466333864
33376134353934613961343831336337663761613932623866623333643663666265666361373232
61306130333937616534646339613734653737613564636437636433383330663165643162346637
63363630316164653565306439623338396639313931653063393633316463333238353435323130
39363931366561353566316165396130323163346466376331323262333638613831613862353831
66333030316330343765303431666463343438636530336533333764306261336164626337666538
64313965626336666362646161666533373934666138383664613264633461653665366533633963
61633330323761356361373965353365633738643061313566613936326564373736643936346134
61323436333063646430366430346530666263646237386131636439383065393936333433303935
37346637353866326535633937326131353532666232353332633636653637646264356562366131
61366632633964636135666366303335616465303363663365623638613838336130373861353937
63383165393364623330346630663332326334303638363537353733316639326331343936306338
39663065323236336266656234633135303465336233616561323830383139363835633039386234
35663662343032316533343961666432303966346661633136383563383066663266306237623064
66343764373165656437303030653965393164313532653166363436343265333165663761623435
61333432373730323763613131663361623035383134356439313037656166633762616230343966
32393366616237333664316264386234336666333161663833383933623061383936383537333330
30646462316537353533643032363730376331373461663932643633336233313133313462323465
35326335626238626230386565313661356361383736653362333839613431343733343131303463
61353335383137613935353162326430653163376538643064373766633232386135376134313337
37383365623931323530303966373637643763333030376532376465653963306462343539333432
65363537636162656362643464356162313663643032613636633134633365393365663536346634
33333231663234373933633838356462646637323562346436356436653138633733316237653837
33336438646130373231646535316663393462313539303235336663333832653031633536363166
37626466623834383165303838623035633865643637613439343239666161613666633638323137
37346436393363613664326463626161393934656232623536636638363137623561636164396330
35326366316432373937663630353734663137646366616136303437323839643832376162373366
61336263316432636564393662623639316133393263313864653739373230346261666639373834
65343937323638393264623835653932383531366633303664363439643230613032653637393936
34313232323063343266646539633534376465383939343535646435343466383231383966376531
36643064333062636562346566386532386162643931386331643230653534383766326433343236
62646138343139636631656631313133313637356262663263663839313062326530353963666634
33336232663134336133633534353439326533386566303761313038663064616565636563663830
65383165613839653331366134653763353935353734353235393561623436383863383363373364
36633339346363396264383330383335326239613066623565303735313465326539616432653663
39613538333035323938643935663563383763623534363330373061363039643037623035363039
36383338306631383232663731323239323462303831633134323230626430626337636162383130
33353164393566663737306333393131643361313331643034326164633066343930623730646332
64616636626139643431623939303836346362656264633531663437383430626532613565363437
31323061643339386534383939323266383364376131323637323766666466633333373561323933
35633035666138313635383833393537656137303033623935313433626633323866383062316435
62623633663733343631363364346566333236353531623661313531393437366162356265373937
32613435303733373738376338303531653832393532323038633230373063363861383736363062
37333038303033636466633231343136333537646338363833633438663137626463613939306266
38626231653961393565376161656261633035633261303534633935343836636532363630373333
38333264653631353562346533613761383437303232316237656337393762316537396464343231
36636264623034363565646366613164303038323463633265306463323864663931656361313036
38353037383066303036353066313736396131336639646465383735633337656332623437646632
31633738633531343535363434343163656236376533346336326331306338653365356139656538
61323165623265303538306662386166626135383663386336626562363732316164613337323166
62633363653930383839313766313532316138323033333265336264326335383362663133663637
62333531316235613436613765363464343135313763303530303636643931376338353666323563
61633763643937353531646466333863333139643631313864613234333065366235383931356236
65303733613231646533363165663836356134343564656339393339653030653837373561346138
38643533343534306336656337626465666539363937303133393363616230356536353931323666
66643364323836353438666537323561613361633633333863613330386361663633653966343662
34346263616639373362316163356332313037363665303838656662613862633832333636393435
34383933356235346464373332643361636635393364343838613733353033326335396362366334
38616161626366346530626531643163346335346335333765366264316339636634343535643434
66623835336463373963363339363330383239643461326266393161646435333165383537633262
65333531333462623863386161613137303764343836333034666562616463323732323461383938
39336362656233393865633238353534623932313936393161323935353266646136613563333130
62313233343631623035623738376331303835663837393665396438313338666364633230616636
34643632623636626436346237373961336334366534346135353831613838363730356664346636
33623130303335343939653331386366633866333533393336666333656239623837313039363032
37626630643565633139613239363132613734383932376566633735633664343638393762613032
31373766663039643865356432333063343839353664333733396664653935636666363631396639
33643462633136323863343631623837383733323138366230633939356131326262663939633634
64613838656637373933313639366334363930323666623535373833353037626530323830383432
64336462646538396263356238313339316636313633336230653764646632653433303839623933
37356435303864396561373566623863636466316439653534656133386532303239386466393262
35343461623461626164383538616364663437656131393366623330643232326461373334666363
61393436326363633962303065353538623838663362313736623262356233333232313634346635
65616362643338336361333630616663656638386632666439356138623437656634646533393061
30373236313862356264363936373731643932363262393763396335316363656466653735643463
62303136626163303534643962346335616334386233646133646261346639393137663861346335
64353964306139306634653532383230306135386137656133373133326430313739656434666537
65386463623535663565356439303939303133626337633830363363303465653230386530646436
32643730303132316466613638646461366637363262333038653233363735653531346437333466
32633936613961363739643132346162616666626461343462663530663463616361363331636536
36336235323063336137653265613034633562366264303461316539653964323866356465376538
32623864336637613836363732386634376263383633653233653465353164363961343236323161
35656536646666326332323430343234626131323238643738386538353434303432356537643462
35663439373439313238313038636338653266376535303536393939396537333261656564326564
34336461653961356561663666363336646437613765353963653664613735636536333765653563
39373766633035396265623130313864343139623963393661656564336634393037313331623232
39343561323964303462633634343535656263633935633133333361623132656565303632393265
34363565343563356162613764666233646661353036383662346565626637313064303836303732
63633764653966336536343232366135346461613964323662663931303465386634333832613361
30373332623832623338646330623739313832386231303664313837336236636536343962623537
34656537373235363235623163633330643564636239323035336131383734356261383862353234
66343764633838383435353438303137353433663439393163386665396533373863353032663432
62356439663966663564396433353131636533646131353163646263373832663738643265343938
66343266313465316633383635316532396466646236653332346662346163303961343133633939
32323263313361363030666562626238656136376162643165373432326431363739613631366130
66356661303536326538636632363533353439636334623134316232343963666565393238336338
32636133373434643163633362616637623865356463366462323065663432323039373864363564
61333235343061353832636233303635623631616563313832313038633561633235666261396337
32663865646231306463626663323532323632633961623430363939326461616364656366653263
34333663393863626266353939313561376639333635383937316136363065643463623231386661
31666663306331636165383066633661653764666634343038616134363937393363343637353730
61616266356162636430303232636261316630633036313231333737353965396432366362343731
38366165316366663030646166353435333331373161633035636166313834336331386137613266
32643564386633393737643131353363363166313361343034386636656566376631666233613861
37636264343963653339663166333438383765363765383036356632386534636639626264366136
3735616334633037313637613266393663653737356134353438
